scores for all rows, first 100 columns, k-means
[8.767975620642456e+19,
 7.825069704686853e+19,
 7.183911491842628e+19,
 6.922759430613714e+19,
 6.261210414145565e+19,
 5.800045813008041e+19,
 5.338880344802574e+19,
 4.877714293764805e+19,
 4.416552083506545e+19,
 3.955387343263997e+19,
 3.4942214703228273e+19,
 3.0330574130183025e+19,
 2.816580248817491e+19,
 2.6295770300398756e+19,
 2.494256613927725e+19,
 2.361025418523215e+19,
 2.180701321705099e+19,
 2.077457026632309e+19,
 1.9695557385714962e+19,
 1.845686524242552e+19,
 1.724399434796064e+19,
 1.6854644997394072e+19,
 1.5863294323545614e+19,
 1.518100893012325e+19,
 1.4347023208984635e+19,
 1.4129831721141086e+19,
 1.3291282299021515e+19,
 1.2907356465744026e+19,
 1.2575713154155952e+19,
 1.2163138938203034e+19,
 1.187590741095033e+19,
 1.1749391212295293e+19,
 1.1151383993056731e+19]


scores for all rows, first 100 columns, cosine means
[389727.99974420003,
 365203.50690628693,
 351080.3878482404,
 343842.0464398158,
 337621.6281215583,
 333099.26366572117,
 326199.1036186565,
 320031.27322683623,
 316564.4775094501,
 313715.15231793205,
 309463.3811214922,
 305735.6642873377,
 303607.8437839749,
 300634.7370109853,
 297542.8324055051,
 295206.1498766642,
 291620.6871182187,
 289190.5074452084,
 286329.7730713367,
 284118.74552086915,
 279963.4092019849,
 278896.5664801139,
 276641.8471794246,
 272812.20796448726,
 271472.0012652921,
 269389.26384386065,
 265851.11146884674,
 264277.6865159828,
 261412.70041942957,
 258657.2711889111,
 255990.40714312665,
 254161.21949834444,
 250635.1884468744]


scores for all rows, first 50 columns, cosine means
[112388.43489266258,
 107167.18880923119,
 103599.78891070686,
 100744.59067477527,
 98268.1197166137,
 96415.13912505291,
 94769.94103468912,
 93433.71956270163,
 92198.38091638044,
 91162.34138035034]